200,pa4-F-Output.txt
-1.39    -0.10    -26.34   		-6.76    0.50     -25.25   		5.51
-16.46   8.37     -38.60   		-20.09   7.00     -35.41   		5.02
2.63     19.71    45.52    		2.62     14.16    42.38    		6.37
9.14     24.87    15.44    		8.16     20.95    10.37    		6.48
-26.64   -30.88   -34.21   		-30.97   -35.60   -35.01   		6.45
9.04     10.92    -12.01   		7.20     13.28    -12.50   		3.03
-16.72   -29.69   -16.31   		-13.20   -30.86   -17.31   		3.84
-8.46    14.55    39.57    		-8.33    14.28    38.69    		0.93
-6.99    4.77     49.94    		-8.10    4.54     49.34    		1.27
-5.81    -4.06    32.51    		-9.95    -7.80    34.53    		5.94
-13.95   3.65     2.24     		-12.95   3.04     1.93     		1.22
-8.70    -22.64   -11.62   		-6.85    -23.45   -12.20   		2.10
-39.98   -20.27   -32.72   		-41.79   -27.09   -33.29   		7.08
-43.24   -15.35   -25.33   		-45.81   -15.86   -30.76   		6.03
30.01    -6.99    -24.00   		27.35    -7.19    -28.16   		4.94
-5.01    13.97    49.01    		-5.56    11.49    47.70    		2.86
-3.96    9.23     -8.48    		-2.25    5.92     -8.97    		3.76
-34.87   -9.27    -7.86    		-35.21   -8.08    -11.18   		3.54
-10.28   -29.35   -30.81   		-12.06   -33.77   -30.24   		4.80
-30.38   -4.14    -46.00   		-30.43   -3.71    -46.68   		0.80
-12.21   10.78    30.39    		-18.22   8.12     28.57    		6.82
-5.87    -3.86    32.75    		-9.12    -3.46    31.63    		3.46
5.44     8.92     -14.15   		3.59     5.23     -13.36   		4.20
17.35    -5.92    -22.66   		18.12    -8.36    -26.51   		4.62
12.88    26.63    -3.49    		15.72    22.53    -2.63    		5.07
13.11    -11.74   -18.85   		16.54    -16.60   -22.70   		7.08
-5.83    -23.04   -37.30   		-5.94    -24.11   -36.88   		1.15
-2.84    -18.16   -38.09   		-4.85    -19.15   -38.00   		2.24
0.31     -6.65    55.63    		-3.74    -12.69   54.08    		7.44
-0.66    -0.92    -26.31   		-3.74    -3.68    -26.39   		4.13
-0.26    14.97    1.29     		0.25     14.32    1.69     		0.93
-32.68   -27.24   -16.70   		-35.96   -31.46   -18.10   		5.53
-1.19    -12.74   -36.17   		-5.39    -12.30   -34.33   		4.60
-35.92   1.38     -39.05   		-38.33   1.11     -38.32   		2.53
-5.34    -2.70    39.26    		-9.14    -2.68    38.34    		3.90
-30.57   -22.27   -9.21    		-32.69   -21.59   -9.02    		2.24
-3.56    -3.11    -37.22   		-6.90    -9.15    -37.23   		6.90
-1.72    -10.56   14.73    		-1.50    -14.67   19.14    		6.03
17.99    -17.11   -5.60    		18.56    -18.69   -5.55    		1.68
-39.98   -20.27   -32.72   		-42.02   -28.02   -34.29   		8.16
-30.96   9.67     -23.05   		-30.60   7.23     -26.89   		4.56
16.81    -7.94    13.40    		15.24    -12.63   11.83    		5.19
21.30    -3.19    34.05    		20.02    -6.45    32.22    		3.95
31.97    -7.16    -21.09   		32.10    -7.26    -21.13   		0.17
-2.51    -22.40   -33.60   		-3.86    -22.40   -33.46   		1.36
3.72     -17.14   -9.58    		5.00     -20.77   -8.98    		3.90
8.28     22.72    29.38    		12.11    17.83    30.64    		6.34
32.82    3.13     15.00    		29.42    3.11     12.58    		4.17
-37.41   -22.49   -16.42   		-39.45   -24.69   -13.80   		3.98
39.65    5.75     6.27     		34.70    7.09     1.91     		6.74
23.78    24.59    -9.73    		23.74    18.18    -10.87   		6.51
-6.13    10.39    58.42    		-5.57    8.96     57.45    		1.81
20.85    -1.98    -24.26   		19.59    -1.47    -30.56   		6.44
-1.72    -10.56   14.73    		-0.62    -14.57   17.65    		5.08
1.36     -16.22   -26.50   		-0.30    -16.70   -27.47   		1.98
2.26     -16.93   -23.61   		2.13     -19.26   -22.76   		2.48
-12.55   16.93    35.99    		-10.39   15.50    35.91    		2.59
24.78    -2.40    25.20    		25.32    -2.87    24.89    		0.78
2.30     21.27    6.17     		1.60     19.09    5.18     		2.50
5.20     22.84    28.59    		4.22     16.84    27.41    		6.20
26.99    -11.71   -3.79    		27.76    -13.41   -3.86    		1.88
18.82    -10.70   4.48     		20.02    -12.95   5.54     		2.76
-14.54   16.55    18.31    		-16.29   12.03    16.78    		5.08
-34.42   -16.44   -44.50   		-34.42   -21.41   -48.02   		6.10
-8.20    8.31     -0.88    		-7.68    6.12     -1.54    		2.35
-30.96   9.67     -23.05   		-30.49   7.17     -26.02   		3.91
7.65     -7.18    26.96    		6.98     -13.13   22.80    		7.30
2.63     19.71    45.52    		4.69     14.28    43.28    		6.22
-29.64   -29.28   -35.16   		-35.17   -33.42   -34.67   		6.93
-6.46    9.93     1.25     		-5.75    7.38     0.87     		2.68
-1.67    -5.68    57.64    		-5.94    -9.81    55.41    		6.35
-12.42   -31.04   -27.61   		-11.78   -32.92   -27.87   		2.00
20.57    13.51    54.18    		16.81    11.52    49.97    		5.98
-7.43    -28.24   -26.91   		-7.55    -28.95   -30.62   		3.78
-27.42   -30.85   -19.13   		-27.98   -35.17   -18.95   		4.36
35.88    -0.60    -18.48   		32.12    0.50     -20.17   		4.27
-2.60    -5.15    46.41    		-3.05    -10.27   47.98    		5.38
2.29     9.60     63.35    		2.34     7.53     61.83    		2.57
-40.99   -8.03    -33.14   		-44.81   -8.90    -37.45   		5.82
-32.60   -28.31   -19.22   		-36.30   -31.92   -19.77   		5.20
29.06    -3.35    15.07    		29.15    -2.96    13.57    		1.56
-33.10   -12.67   -7.21    		-32.88   -12.74   -7.65    		0.49
9.92     11.67    -11.68   		8.51     14.66    -14.82   		4.55
12.66    -6.16    56.53    		13.62    -8.66    56.74    		2.69
-23.45   10.45    -34.52   		-22.69   7.41     -33.86   		3.20
-20.19   -5.17    -48.60   		-20.10   -5.17    -48.33   		0.29
-16.51   -5.95    1.09     		-18.14   -6.69    2.59     		2.34
0.31     -6.65    55.63    		-3.74    -12.33   52.71    		7.56
36.39    14.08    5.70     		32.80    9.13     2.83     		6.76
-5.36    -1.68    46.55    		-10.47   -1.87    44.69    		5.44
-7.06    11.78    42.71    		-6.99    11.78    42.69    		0.07
0.98     2.57     -22.95   		0.61     0.28     -20.61   		3.31
9.12     -7.12    59.76    		6.03     -10.53   61.67    		4.98
-7.97    5.79     -33.44   		-11.96   2.31     -35.21   		5.58
-6.96    -6.77    18.88    		-7.08    -13.91   19.17    		7.15
21.37    6.45     -29.36   		19.87    6.47     -32.57   		3.54
-24.28   2.28     -13.10   		-28.46   -0.31    -14.80   		5.20
-40.29   -8.84    -37.24   		-42.58   -6.62    -38.16   		3.31
7.29     19.63    -6.23    		8.19     20.40    -8.38    		2.45
9.09     -8.77    -22.81   		13.73    -13.78   -23.44   		6.86
-39.90   -21.09   -19.29   		-45.18   -22.86   -21.83   		6.12
-35.02   2.03     -39.03   		-34.80   2.00     -39.48   		0.51
-4.16    4.75     -24.86   		-7.33    0.65     -25.51   		5.23
-5.52    1.13     -31.90   		-10.87   2.52     -29.35   		6.09
-9.21    16.66    14.30    		-10.88   16.55    15.59    		2.11
-5.52    1.13     -31.90   		-11.70   1.55     -32.26   		6.20
32.68    2.25     -24.58   		31.16    -0.98    -23.54   		3.72
8.90     -7.05    54.67    		8.71     -12.27   50.38    		6.76
-14.17   5.20     -8.81    		-13.25   2.69     -6.39    		3.61
-12.86   -26.61   -13.76   		-13.96   -28.22   -13.51   		1.96
4.92     -16.82   -10.26   		9.73     -21.86   -10.67   		6.97
33.81    12.62    -20.27   		30.50    8.83     -20.53   		5.03
14.35    -1.03    62.99    		14.34    -1.40    61.48    		1.55
18.85    -15.84   -15.66   		17.58    -21.08   -17.49   		5.70
-15.76   -29.17   -37.49   		-15.44   -29.88   -42.20   		4.77
-29.83   -25.72   -12.41   		-29.76   -26.76   -9.75    		2.86
-30.57   -22.27   -9.21    		-31.27   -22.32   -8.56    		0.95
21.01    -1.53    43.52    		21.48    -1.94    43.79    		0.68
-37.34   -24.08   -33.33   		-39.37   -29.25   -36.91   		6.61
4.78     -7.03    40.76    		3.96     -11.64   37.62    		5.63
-10.58   -10.31   2.66     		-12.77   -11.07   7.68     		5.53
10.98    -6.15    62.43    		13.35    -7.54    61.39    		2.94
-11.98   6.43     -9.06    		-9.27    3.04     -10.24   		4.50
28.38    16.37    15.62    		22.31    16.45    12.15    		7.00
30.85    -7.75    5.88     		32.00    -10.49   2.69     		4.36
21.02    -1.51    43.51    		20.95    -1.35    44.24    		0.75
24.88    5.99     36.36    		21.43    7.35     31.83    		5.85
-4.79    5.25     -24.91   		-11.86   3.50     -22.92   		7.55
-24.83   -24.30   -43.36   		-26.28   -25.51   -47.65   		4.69
6.35     22.72    29.33    		7.50     16.73    30.20    		6.16
5.91     -10.63   -23.06   		6.08     -10.86   -23.51   		0.53
-7.07    6.06     58.84    		-7.65    4.95     58.53    		1.29
-17.83   -13.66   -4.62    		-18.92   -16.25   -4.04    		2.87
-24.90   -9.89    -6.10    		-25.80   -9.97    -6.13    		0.90
-16.62   3.41     -43.70   		-17.96   1.18     -43.13   		2.66
-8.79    7.03     -28.56   		-15.40   4.72     -30.40   		7.24
16.81    -7.94    13.40    		14.80    -12.72   12.22    		5.32
-34.59   -4.59    -43.83   		-32.88   -3.04    -45.48   		2.83
-16.32   8.22     -16.15   		-15.83   5.45     -19.97   		4.74
-7.04    6.16     61.71    		-5.53    5.86     61.59    		1.54
-14.54   16.55    18.31    		-14.14   16.44    17.46    		0.94
-1.39    -0.10    -26.34   		-4.32    -2.27    -26.21   		3.64
-39.71   -16.23   -36.35   		-43.47   -18.44   -39.05   		5.13
9.51     6.47     -15.78   		9.50     6.42     -15.70   		0.10
-12.92   -23.24   -43.64   		-14.90   -22.58   -46.97   		3.93
22.47    0.87     43.13    		21.43    1.75     42.40    		1.54
9.98     11.72    -11.66   		8.17     15.57    -15.70   		5.86
9.44     -7.07    60.37    		7.04     -4.21    61.47    		3.89
-23.56   -30.35   -36.56   		-24.59   -34.61   -38.86   		4.94
0.07     -6.63    62.34    		0.42     -5.73    61.83    		1.08
-36.57   -15.91   -42.68   		-41.60   -16.82   -43.96   		5.27
-39.44   -17.76   -15.19   		-43.46   -17.15   -15.40   		4.08
34.28    -6.18    -13.05   		34.26    -6.17    -13.05   		0.03
-40.46   1.05     -29.13   		-41.08   0.82     -29.54   		0.78
-37.41   -22.49   -16.42   		-39.23   -21.63   -11.78   		5.05
-43.22   -16.03   -27.71   		-44.98   -23.29   -31.61   		8.43
21.61    -4.50    25.57    		22.10    -7.49    22.18    		4.54
-9.57    10.26    10.28    		-7.17    10.97    8.86     		2.88
12.80    9.88     63.12    		13.70    6.63     61.69    		3.67
22.19    5.16     -29.75   		21.45    2.34     -31.93   		3.64
11.76    -5.28    63.02    		11.70    -4.12    61.38    		2.01
-33.42   -14.04   -45.97   		-33.88   -15.15   -48.59   		2.88
-2.33    -5.34    55.45    		-8.87    -7.65    55.22    		6.94
-13.46   12.91    32.83    		-16.13   10.67    33.80    		3.62
31.27    9.53     16.72    		27.97    5.11     13.64    		6.32
29.45    9.68     20.01    		23.91    7.22     20.53    		6.08
-9.61    12.85    13.07    		-9.95    10.97    11.33    		2.58
-20.49   4.51     -13.11   		-20.47   1.80     -14.74   		3.16
-44.46   -8.65    -24.76   		-46.53   -7.22    -27.81   		3.96
-23.50   -32.74   -23.96   		-23.83   -36.80   -23.26   		4.13
5.20     22.84    28.59    		1.64     18.44    26.28    		6.11
-43.54   -13.75   -24.27   		-46.92   -14.67   -23.85   		3.53
31.23    -4.38    12.57    		31.09    -3.40    11.66    		1.35
-6.74    2.14     52.80    		-8.51    1.99     52.92    		1.78
-29.96   -16.39   -47.11   		-29.13   -15.58   -49.45   		2.62
22.26    17.71    31.11    		19.75    14.10    24.96    		7.56
-18.78   -16.54   -47.91   		-18.60   -18.84   -49.51   		2.81
25.23    15.85    24.29    		19.11    14.31    21.54    		6.88
5.37     9.69     -12.91   		0.92     7.05     -11.51   		5.36
-30.96   -7.75    -7.57    		-29.57   -8.38    -9.68    		2.60
-14.31   11.56    22.97    		-16.30   5.98     22.32    		5.96
9.27     24.55    17.98    		8.17     18.72    14.82    		6.73
-15.27   20.53    22.86    		-12.57   20.19    23.32    		2.76
-5.52    1.13     -31.90   		-12.33   2.47     -32.77   		6.99
-8.02    13.52    39.95    		-9.96    10.46    39.18    		3.70
-4.24    9.86     -4.57    		-3.27    7.54     -5.09    		2.56
-0.67    -21.24   -25.47   		-0.86    -20.35   -26.36   		1.27
0.92     18.82    49.36    		4.43     14.89    53.63    		6.78
-4.53    -0.53    -35.18   		-9.49    -2.43    -37.14   		5.66
5.20     22.84    28.59    		2.85     18.23    28.25    		5.18
6.26     -7.00    47.62    		6.36     -11.31   44.31    		5.43
27.49    -10.96   -1.85    		28.85    -12.29   -1.70    		1.91
-21.47   -13.65   -5.39    		-22.22   -15.66   -4.60    		2.28
22.44    -2.34    33.14    		23.05    -0.70    31.68    		2.28
-40.02   1.66     -29.47   		-38.99   2.77     -30.30   		1.73
-37.41   -22.49   -16.42   		-43.32   -23.94   -19.54   		6.83
-6.72    -19.63   -41.84   		-7.02    -20.82   -41.66   		1.24
19.77    -14.17   -2.67    		24.64    -14.29   2.08     		6.80
2.06     -7.25    62.05    		3.29     -6.29    61.72    		1.59
-32.68   -27.24   -16.70   		-32.64   -32.02   -16.21   		4.80

